12
Burkholderiales_Comamonadaceae_Acidovorax              0.0000000 0.8735116 0.0000010 0.8735116 0.9563695 0.5754099 0.5754099 0.8026084 0.9563695 0.6962367 0.6962367 0.7976397 
Sphingomonadales_Sphingomonadaceae_Novosphingobium     0.8735116 0.0000000 0.8735116 0.0000010 1.1795318 0.7196232 0.7196232 0.9769679 1.1795318 0.8391683 0.8391683 0.9243791 
Actinomycetales_Propionibacteriaceae_Propionibacterium 0.0000010 0.8735116 0.0000000 0.8735116 0.9563695 0.5754099 0.5754099 0.8026084 0.9563695 0.6962367 0.6962367 0.7976397 
Saprospirales_Chitinophagaceae_Sediminibacterium       0.8735116 0.0000010 0.8735116 0.0000000 1.1795318 0.7196232 0.7196232 0.9769679 1.1795318 0.8391683 0.8391683 0.9243791 
Caulobacterales_Caulobacteraceae_Brevundimonas         0.9563695 1.1795318 0.9563695 1.1795318 0.0000000 1.1411080 1.1411080 1.3311878 0.0000010 1.2862884 1.2862884 1.2546603 
Clostridiales_Peptococcaceae_Desulfosporosinus         0.5754099 0.7196232 0.5754099 0.7196232 1.1411080 0.0000000 0.0000010 1.0713381 1.1411080 0.9267480 0.9267480 0.9469111 
Methylophilales_Methylophilaceae_Methylotenera         0.5754099 0.7196232 0.5754099 0.7196232 1.1411080 0.0000010 0.0000000 1.0713381 1.1411080 0.9267480 0.9267480 0.9469111 
Clostridiales_Eubacteriaceae_Acetobacterium            0.8026084 0.9769679 0.8026084 0.9769679 1.3311878 1.0713381 1.0713381 0.0000000 1.3311878 1.3050097 1.3050097 0.0385312 
Xanthomonadales_Xanthomonadaceae_Pseudoxanthomonas     0.9563695 1.1795318 0.9563695 1.1795318 0.0000010 1.1411080 1.1411080 1.3311878 0.0000000 1.2862884 1.2862884 1.2546603 
Pasteurellales_Pasteurellaceae_Actinobacillus          0.6962367 0.8391683 0.6962367 0.8391683 1.2862884 0.9267480 0.9267480 1.3050097 1.2862884 0.0000000 0.0000010 1.2696951 
Bacillales_Bacillaceae_Anoxybacillus                   0.6962367 0.8391683 0.6962367 0.8391683 1.2862884 0.9267480 0.9267480 1.3050097 1.2862884 0.0000010 0.0000000 1.2696951 
Burkholderiales_Oxalobacteraceae_Noviherbaspirillum    0.7976397 0.9243791 0.7976397 0.9243791 1.2546603 0.9469111 0.9469111 0.0385312 1.2546603 1.2696951 1.2696951 0.0000000 
