normalized	site_1	site_2	site_3	site_4	site_5	site_6	site_7	site_8	site_9	site_10	site_11	site_12	site_13	site_14	site_15	site_16	site_17	site_18	site_19	site_20	site_21	site_22	site_23	site_24	site_25	site_26	site_27	site_28	site_29	site_30	site_31	site_32	site_33	site_34	site_35	site_36	site_37	site_38	site_39	site_40	site_41	site_42	site_43	site_44	site_45	site_46	site_47	site_48	site_49	site_50	site_51	site_52	site_53	site_54	site_55	site_56	site_57	site_58	site_59	site_60	site_61	site_62	site_63	site_64	site_65	site_66	site_67	site_68	site_69	site_70
10413	0.0	0.0	0.0	22.0	37.0	0.0	267.0	0.0	0.0	0.0	0.0	1033.0	0.0	168.0	192.0	24.0	0.0	0.0	0.0	0.0	0.0	127.0	1507.0	0.0	172.0	0.0	0.0	1526.0	2111.0	1390.0	0.0	9878.0	20043.0	0.0	0.0	243346.0	17124.0	0.0	0.0	0.0	0.0	1260.0	0.0	0.0	0.0	0.0	716.0	0.0	0.0	0.0	0.0	0.0	0.0	0.0	0.0	0.0	463.0	0.0	70.0	996.0	0.0	0.0	0.0	0.0	31573.0	0.0	0.0	0.0	0.0	0.0
1042616	0.0	0.0	0.0	0.0	18.0	0.0	0.0	0.0	0.0	0.0	119724.0	1394.0	8535.0	49051.0	27326.0	9259.0	9529.0	0.0	29.0	0.0	0.0	8999.0	26050.0	1242.0	29.0	0.0	0.0	0.0	5757.0	1748.0	0.0	691.0	0.0	5500.0	0.0	0.0	0.0	493.0	1900.0	0.0	0.0	10080.0	1675.0	0.0	0.0	0.0	12529.0	140.0	0.0	0.0	0.0	0.0	0.0	57.0	35.0	185.0	2159.0	0.0	420.0	5196.0	0.0	44.0	0.0	0.0	2722.0	0.0	0.0	0.0	0.0	0.0
104313	52779.0	34718.0	20624.0	14633.0	24075.0	0.0	29296.0	0.0	28195.0	0.0	18931.0	54864.0	28186.0	12935.0	51621.0	34666.0	22763.0	137662.0	0.0	578.0	1266.0	450721.0	26877.0	2135.0	99644.0	13.0	321306.0	15377.0	3262.0	5156.0	0.0	1383.0	2709.0	0.0	145.0	2707.0	1729.0	54637.0	44651.0	20621.0	38.0	5460.0	582676.0	16600.0	143491.0	172.0	2486.0	195701.0	0.0	0.0	0.0	149556.0	0.0	0.0	140.0	9424.0	10948.0	14025.0	14995.0	2491.0	8181.0	32708.0	36755.0	28500.0	4355.0	15200.0	122728.0	208913.0	0.0	4600.0
1124194	0.0	0.0	0.0	0.0	0.0	0.0	0.0	0.0	0.0	0.0	4605.0	1510.5	3473.5	67529.0	18257.5	4715.0	5294.0	0.0	0.0	0.0	0.0	6857.5	16257.0	49.5	0.0	0.0	0.0	0.0	575.5	964.0	0.0	0.0	0.0	0.0	0.0	0.0	0.0	2816.5	387.0	0.0	0.0	21314.5	246.5	22050.0	0.0	0.0	487.5	632.0	28500.0	0.0	0.0	0.0	0.0	0.0	0.0	0.0	308.5	0.0	0.0	667.5	0.0	0.0	0.0	0.0	2722.0	0.0	0.0	0.0	0.0	0.0
1125313	0.0	0.0	368.0	110.0	276.0	0.0	194.0	0.0	327.0	7900.0	15349.0	22436.0	10322.0	3360.0	4955.0	13534.0	3176.0	1007.0	4294.0	6501.0	403.0	10452.0	68018.0	50.0	604.0	118498.0	0.0	900.0	91345.0	30530.0	0.0	99.0	271.0	0.0	1375.0	331.0	163.0	1478.0	1779.0	4449.0	75.0	23730.0	24931.0	5400.0	0.0	819.0	15194.0	1826.0	0.0	714236.0	18.0	486.0	0.0	0.0	0.0	1085.0	270162.0	2305.0	1857.0	19431.0	1488.0	218.0	693.0	0.0	33206.0	0.0	98.0	122956.0	0.0	0.0
1125570	0.0	0.0	0.0	0.0	0.0	0.0	0.0	0.0	0.0	0.0	58839.0	11592.0	5558.0	1512.0	3656.0	2541.0	3176.0	0.0	0.0	0.0	0.0	7877.0	5200.0	0.0	0.0	0.0	0.0	0.0	1343.0	1793.0	0.0	0.0	0.0	0.0	0.0	0.0	0.0	0.0	85.0	0.0	0.0	840.0	1182.0	0.0	0.0	0.0	497.0	0.0	0.0	0.0	0.0	0.0	0.0	0.0	0.0	0.0	2313.0	0.0	0.0	730.0	0.0	0.0	0.0	0.0	2722.0	0.0	0.0	0.0	0.0	0.0
1134896	0.0	0.0	0.0	0.0	0.0	0.0	0.0	0.0	0.0	0.0	0.0	387.0	0.0	0.0	0.0	0.0	0.0	0.0	0.0	0.0	0.0	0.0	0.0	0.0	0.0	0.0	0.0	0.0	960.0	583.0	0.0	0.0	0.0	0.0	0.0	0.0	0.0	64.0	1113.0	0.0	0.0	420.0	197.0	0.0	0.0	0.0	4733.0	140.0	0.0	0.0	18.0	0.0	0.0	0.0	0.0	1446.0	154.0	0.0	0.0	214.0	0.0	0.0	0.0	0.0	2177.0	0.0	0.0	0.0	0.0	0.0
120274	15295.0	9106.0	10557.0	9278.0	13620.0	27100.0	99600.0	0.0	16077.0	0.0	0.0	0.0	0.0	0.0	0.0	0.0	0.0	22524.0	0.0	0.0	0.0	0.0	0.0	0.0	4830.0	0.0	0.0	3756.0	0.0	0.0	290.0	4149.0	6501.0	0.0	0.0	6136.0	25214.0	0.0	0.0	0.0	1538.0	0.0	0.0	8900.0	0.0	862.0	0.0	0.0	0.0	0.0	0.0	0.0	0.0	19.0	0.0	420.0	0.0	5572.0	5536.0	0.0	558.0	5800.0	5317.0	11200.0	0.0	27900.0	49.0	0.0	0.0	0.0
141042	62473.0	14798.0	37196.0	31293.0	18903.0	88400.0	19304.0	0.0	25307.0	0.0	1535.0	2453.0	9528.0	336.0	625.0	3616.0	2118.0	30578.0	0.0	11702.0	4113.0	561.0	292.0	19567.0	9487.0	40.0	32.0	17764.0	1535.0	4752.0	166715.0	7606.0	15710.0	99000.0	434.0	13354.0	11857.0	15999.0	10890.0	1695.0	92996.0	1260.0	18329.0	16600.0	135.0	103039.0	1690.0	417533.0	46800.0	0.0	36.0	72.0	0.0	26088.0	2774.0	1076.0	14495.0	27858.0	18884.0	1014.0	7624.0	20323.0	19186.0	109500.0	35384.0	121400.0	19934.0	53.0	13600.0	11600.0
145205	0.0	0.0	0.0	0.0	0.0	0.0	0.0	0.0	0.0	0.0	34536.0	24786.0	5161.0	3024.0	3464.0	4471.0	102170.0	0.0	0.0	0.0	0.0	3849.0	47484.0	0.0	115.0	0.0	0.0	157.0	2303.0	4573.0	0.0	198.0	271.0	0.0	36.0	211.0	359.0	0.0	0.0	0.0	0.0	3360.0	0.0	0.0	0.0	86.0	1810.0	0.0	0.0	0.0	0.0	0.0	0.0	0.0	0.0	17.0	4934.0	0.0	140.0	1388.0	186.0	87.0	0.0	0.0	16331.0	0.0	0.0	0.0	0.0	0.0
147946	0.0	0.0	0.0	22.0	0.0	0.0	0.0	0.0	60.0	4600.0	256.0	0.0	2580.0	0.0	48.0	73.0	0.0	126.0	0.0	0.0	0.0	178.0	122.0	50.0	144.0	0.0	0.0	548.0	0.0	179.0	0.0	296.0	813.0	0.0	0.0	1444.0	245.0	43.0	218.0	0.0	0.0	420.0	0.0	0.0	0.0	0.0	418.0	0.0	0.0	0.0	0.0	0.0	0.0	0.0	0.0	370.0	771.0	0.0	70.0	36.0	0.0	174.0	0.0	0.0	0.0	0.0	440.0	0.0	0.0	0.0
156371	7109.0	42497.0	3928.0	2645.0	5006.0	0.0	6451.0	11800.0	7532.0	0.0	767.0	22307.0	397.0	0.0	0.0	122.0	0.0	6418.0	0.0	10979.0	1780.0	153.0	292.0	2284.0	1294.0	108390.0	0.0	1174.0	17271.0	333229.0	0.0	593.0	6230.0	0.0	579.0	1895.0	3392.0	9145.0	4029.0	0.0	25547.0	33599.0	296.0	124800.0	27.0	208752.0	41904.0	562.0	53300.0	0.0	5675.0	24.0	0.0	262271.0	144039.0	9660.0	22359.0	2113.0	1436.0	11869.0	372.0	2660.0	1618.0	0.0	204137.0	3700.0	0.0	0.0	0.0	94500.0
162379	861.5	95.0	0.0	33.0	92.0	0.0	230.5	0.0	44.5	0.0	0.0	142.0	0.0	0.0	0.0	0.0	0.0	0.0	0.0	0.0	0.0	0.0	0.0	0.0	43.0	627.0	0.0	0.0	0.0	403.5	0.0	0.0	0.0	0.0	0.0	15.0	212.0	0.0	0.0	0.0	0.0	210.0	0.0	0.0	0.0	0.0	139.0	0.0	0.0	0.0	0.0	4.0	0.0	0.0	0.0	0.0	77.0	288.0	35.0	80.0	0.0	719.5	578.0	0.0	12792.5	0.0	0.0	0.0	0.0	0.0
1657324	269.25	379.5	368.25	198.25	262.25	3725.0	200.0	0.0	446.5	0.0	0.0	0.0	0.0	0.0	0.0	0.0	0.0	534.75	0.0	0.0	0.0	0.0	0.0	0.0	1121.25	0.0	0.0	15612.25	0.0	0.0	0.0	6889.5	9344.5	0.0	0.0	9932.75	5439.0	0.0	0.0	0.0	0.0	0.0	0.0	0.0	0.0	0.0	0.0	0.0	0.0	0.0	0.0	0.0	0.0	0.0	0.0	0.0	0.0	1777.25	1839.25	0.0	1673.5	1275.5	1733.75	0.0	0.0	0.0	0.0	0.0	0.0	0.0
1688393	431.0	379.0	614.0	176.0	479.0	0.0	534.0	0.0	804.0	0.0	0.0	48590.0	992.0	0.0	0.0	73.0	0.0	1133.0	0.0	867.0	2199.0	76.0	73.0	30741.0	2242.0	1953.0	0.0	626.0	38956.0	65633.0	0.0	0.0	0.0	0.0	36.0	0.0	65.0	239366.0	270362.0	0.0	1576.0	278244.0	21778.0	1600.0	0.0	1940.0	390696.0	26131.0	99800.0	0.0	0.0	0.0	0.0	0.0	0.0	8.0	48728.0	961.0	1016.0	27884.0	186.0	1352.0	1387.0	18200.0	43005.0	84300.0	0.0	0.0	0.0	8400.0
1777569	0.0	0.0	0.0	44.0	0.0	0.0	0.0	0.0	0.0	0.0	0.0	0.0	0.0	0.0	0.0	0.0	0.0	126.0	0.0	0.0	0.0	0.0	0.0	0.0	30014.0	79.0	0.0	113394.0	0.0	0.0	0.0	988.0	2438.0	0.0	1303.0	2556.0	1142.0	0.0	0.0	0.0	0.0	0.0	0.0	0.0	0.0	0.0	0.0	0.0	0.0	0.0	655.0	0.0	0.0	239160.0	152622.0	0.0	0.0	189625.0	260799.0	0.0	23243.0	32795.0	30051.0	0.0	0.0	0.0	0.0	0.0	0.0	0.0
181537	215.0	0.0	0.0	22.0	0.0	0.0	24.0	0.0	208.0	0.0	0.0	0.0	0.0	0.0	0.0	0.0	0.0	126.0	0.0	119041.0	4176.0	0.0	0.0	0.0	144.0	13.0	32.0	0.0	0.0	0.0	0.0	0.0	0.0	0.0	4125.0	30.0	114.0	0.0	0.0	0.0	179240.0	0.0	0.0	0.0	54.0	4397.0	0.0	0.0	0.0	0.0	564.0	24.0	0.0	0.0	0.0	28197.0	0.0	192.0	35.0	0.0	186.0	87.0	231.0	0.0	0.0	0.0	0.0	0.0	0.0	0.0
219549	0.0	0.0	0.0	22.0	18.0	0.0	0.0	0.0	0.0	0.0	1535.0	0.0	4168.0	2184.0	2454.0	3982.0	187401.0	0.0	0.0	0.0	0.0	10758.0	2211.0	0.0	259.0	0.0	0.0	1956.0	0.0	0.0	0.0	99.0	0.0	0.0	0.0	30.0	16.0	0.0	0.0	0.0	0.0	0.0	0.0	0.0	0.0	1121.0	0.0	0.0	0.0	0.0	0.0	585.0	4414.0	0.0	0.0	4372.0	0.0	0.0	35.0	0.0	0.0	44.0	0.0	0.0	0.0	0.0	13094.0	0.0	0.0	0.0
220314	1723.33	1138.33	1064.0	837.33	1699.33	0.0	800.33	0.0	2074.0	0.0	3837.33	0.0	6616.33	2799.67	2149.0	8322.33	3176.33	1510.0	4.0	0.0	817.33	17709.33	3823.33	0.0	469.67	145.0	0.0	221.67	0.0	0.0	0.0	197.67	361.0	0.0	0.0	772.0	157.67	21.33	4.0	0.0	1388.0	0.0	0.0	0.0	4.33	0.0	0.0	0.0	0.0	7.33	0.0	147062.67	0.0	0.0	0.0	2841.67	0.0	192.0	315.33	0.0	62.0	334.33	154.0	0.0	0.0	0.0	407.0	0.0	0.0	0.0
2251859	3016.0	2087.0	3437.0	1697.0	3902.0	0.0	2789.0	0.0	3632.0	0.0	0.0	878.0	198.0	0.0	0.0	195.0	0.0	23405.0	0.0	16469.0	7475.0	25.0	0.0	29400.0	97344.0	0.0	32.0	6808.0	576.0	807.0	0.0	0.0	0.0	0.0	289.0	180.0	16.0	171.0	24.0	0.0	2251.0	2520.0	394.0	3900.0	0.0	4699.0	9387.0	140.0	92800.0	259.0	0.0	12.0	0.0	0.0	17.0	0.0	1234.0	8261.0	8549.0	979.0	5950.0	4972.0	6010.0	0.0	1089.0	0.0	0.0	0.0	0.0	0.0
236204	0.0	0.0	0.0	22.0	0.0	0.0	0.0	0.0	60.0	0.0	0.0	0.0	0.0	0.0	0.0	0.0	0.0	0.0	0.0	6934.0	799.0	0.0	0.0	0.0	201.0	0.0	1541.0	509.0	0.0	0.0	553494.0	99.0	271.0	0.0	289.0	180.0	82.0	0.0	0.0	0.0	3826.0	0.0	0.0	0.0	20281.0	3018.0	0.0	0.0	0.0	0.0	0.0	0.0	11144.0	0.0	0.0	0.0	0.0	0.0	175.0	0.0	0.0	131.0	0.0	0.0	0.0	5400.0	0.0	0.0	0.0	0.0
239470	862.0	190.0	246.0	573.0	626.0	0.0	437.0	0.0	536.0	0.0	2814.0	697.0	992.0	2856.0	5196.0	1490.0	110111.0	503.0	0.0	0.0	0.0	2090.0	4131.0	50.0	2156.0	0.0	0.0	3287.0	1727.0	0.0	0.0	35065.0	40628.0	0.0	0.0	29745.0	31362.0	0.0	0.0	300.0	0.0	0.0	0.0	0.0	0.0	0.0	159.0	0.0	0.0	0.0	0.0	4.0	0.0	0.0	0.0	0.0	154.0	2498.0	1892.0	285.0	1302.0	1744.0	2774.0	0.0	0.0	0.0	9967.0	0.0	0.0	0.0
258617	0.0	0.0	0.0	0.0	0.0	0.0	0.0	0.0	0.0	0.0	0.0	0.0	0.0	0.0	0.0	0.0	0.0	0.0	0.0	144.0	0.0	0.0	0.0	0.0	0.0	0.0	0.0	0.0	0.0	0.0	108437.0	0.0	0.0	0.0	0.0	0.0	0.0	0.0	0.0	0.0	0.0	0.0	0.0	0.0	0.0	0.0	0.0	0.0	0.0	0.0	0.0	0.0	874545.0	0.0	0.0	0.0	0.0	0.0	0.0	0.0	0.0	0.0	0.0	0.0	0.0	0.0	0.0	0.0	0.0	0.0
259272	30375.0	176817.0	165603.0	65694.0	100920.0	0.0	33079.0	0.0	64458.0	0.0	256.0	1704.0	198.0	0.0	96.0	1148.0	529.0	38757.0	2.0	3178.0	1060.0	51.0	49.0	50.0	23402.0	119.0	270783.0	21012.0	1151.0	1973.0	8118.0	288325.0	94529.0	8400.0	217.0	141749.0	44931.0	30006.0	14847.0	0.0	15831.0	35699.0	122192.0	0.0	141469.0	1207.0	1830.0	128266.0	0.0	151.0	1073.0	4.0	662.0	286.0	698.0	0.0	2313.0	17291.0	9529.0	801.0	5392.0	4187.0	4161.0	0.0	1633.0	0.0	4251.0	0.0	0.0	0.0
2651333	0.0	0.0	0.0	0.0	18.0	0.0	0.0	0.0	60.0	0.0	0.0	232.0	6550.0	336.0	481.0	171.0	0.0	0.0	0.0	0.0	24.0	280.0	462.0	0.0	57.0	0.0	0.0	117.0	0.0	179.0	0.0	988.0	1625.0	0.0	145.0	1323.0	815.0	0.0	0.0	0.0	0.0	0.0	0.0	0.0	0.0	0.0	60.0	0.0	0.0	0.0	0.0	0.0	0.0	0.0	0.0	0.0	771.0	0.0	70.0	36.0	744.0	87.0	0.0	0.0	544.0	0.0	537.0	6299.0	0.0	0.0
270098	0.0	0.0	0.0	0.0	0.0	0.0	0.0	0.0	0.0	0.0	0.0	0.0	0.0	0.0	0.0	0.0	0.0	0.0	0.0	0.0	0.0	0.0	0.0	0.0	0.0	0.0	0.0	0.0	0.0	0.0	0.0	0.0	0.0	0.0	0.0	0.0	0.0	0.0	0.0	1271.0	0.0	0.0	0.0	0.0	0.0	0.0	0.0	0.0	0.0	0.0	0.0	0.0	0.0	0.0	0.0	967.0	0.0	0.0	0.0	0.0	0.0	0.0	0.0	0.0	0.0	0.0	1075.0	100672.0	0.0	0.0
277409	0.0	0.0	0.0	0.0	0.0	0.0	0.0	0.0	0.0	0.0	0.0	0.0	0.0	0.0	0.0	0.0	0.0	0.0	0.0	0.0	0.0	0.0	0.0	0.0	0.0	0.0	3.2	0.0	0.0	0.0	0.0	0.0	0.0	0.0	74969.2	0.0	0.0	0.0	0.0	0.0	22.6	0.0	0.0	0.0	8.0	241.4	0.0	0.0	0.0	0.0	0.0	0.0	0.0	0.0	0.0	0.0	0.0	0.0	0.0	0.0	0.0	0.0	0.0	0.0	0.0	0.0	0.0	0.0	0.0	0.0
313427	0.0	190.0	0.0	0.0	110.0	0.0	73.0	0.0	208.0	0.0	0.0	0.0	0.0	0.0	0.0	0.0	0.0	0.0	0.0	0.0	8.0	0.0	0.0	1937.0	517.0	0.0	267830.0	235.0	0.0	0.0	0.0	296.0	1354.0	0.0	72.0	1805.0	294.0	0.0	0.0	0.0	225.0	0.0	0.0	0.0	1226.0	474.0	0.0	0.0	0.0	0.0	0.0	0.0	0.0	0.0	0.0	0.0	0.0	0.0	105.0	0.0	372.0	44.0	462.0	0.0	0.0	0.0	49.0	0.0	0.0	0.0
3275744	0.0	0.0	0.0	0.0	0.0	0.0	0.0	0.0	0.0	0.0	0.0	0.0	0.0	0.0	0.0	0.0	0.0	0.0	0.0	0.0	0.0	0.0	0.0	199.0	0.0	0.0	4007.0	0.0	0.0	0.0	0.0	0.0	0.0	0.0	36.0	0.0	0.0	19812.0	17292.0	0.0	150.0	0.0	107607.0	0.0	18111.0	0.0	20.0	49171.0	0.0	0.0	0.0	0.0	0.0	57.0	70.0	0.0	0.0	0.0	0.0	0.0	0.0	0.0	0.0	0.0	0.0	0.0	0.0	0.0	0.0	0.0
3290764	2801.0	32252.0	18782.0	2622.0	5283.0	36000.0	3516.0	14800.0	6133.0	9400.0	0.0	181.0	1389.0	0.0	96.0	195.0	0.0	3901.0	171367.0	1445.0	87.0	2498.0	73.0	0.0	1121.0	1003.0	0.0	1839.0	576.0	359.0	84082.0	2864.0	2709.0	14000.0	1954.0	5354.0	2675.0	107.0	73.0	318.0	300.0	210.0	394.0	2100.0	13.0	948.0	1173.0	281.0	11300.0	254909.0	36.0	960.0	4965.0	6908.0	4013.0	3682.0	2467.0	1537.0	1857.0	214.0	4649.0	1177.0	2080.0	0.0	544.0	0.0	879.0	106.0	0.0	0.0
329940	1293.0	8537.0	10312.0	1168.0	2301.0	0.0	1892.0	0.0	2620.0	0.0	3070.0	904.0	2977.0	2520.0	1684.0	2883.0	2118.0	7928.0	0.0	0.0	4920.0	78315.0	2600.0	7747.0	69256.0	29743.0	0.0	98447.0	18806.0	1704.0	17106.0	988.0	13272.0	0.0	2388.0	1895.0	1272.0	43.0	36.0	0.0	75.0	630.0	690.0	0.0	2264.0	0.0	517.0	140.0	0.0	0.0	1255.0	4909.0	0.0	0.0	0.0	17117.0	1079.0	85879.0	69754.0	801.0	268873.0	29568.0	29126.0	0.0	544.0	0.0	49.0	0.0	0.0	0.0
336037	0.0	0.0	0.0	0.0	0.0	0.0	0.0	0.0	0.0	0.0	2814.0	0.0	198.0	168.0	144.0	73.0	0.0	0.0	0.0	0.0	0.0	153.0	267.0	0.0	0.0	0.0	0.0	0.0	0.0	0.0	0.0	0.0	0.0	0.0	0.0	0.0	0.0	0.0	0.0	0.0	0.0	0.0	0.0	0.0	0.0	0.0	0.0	0.0	0.0	0.0	0.0	0.0	0.0	0.0	0.0	0.0	0.0	0.0	0.0	0.0	0.0	0.0	0.0	0.0	0.0	0.0	0.0	0.0	0.0	0.0
339616	0.0	0.0	0.0	0.0	0.0	0.0	0.0	0.0	0.0	0.0	0.0	103.0	198.0	0.0	0.0	342.0	0.0	0.0	199750.0	433.0	664.0	76.0	24.0	149.0	0.0	0.0	16484.0	0.0	0.0	90.0	1450.0	99.0	0.0	0.0	145.0	0.0	49.0	3448.0	3364.0	0.0	225.0	0.0	4237.0	0.0	13.0	0.0	0.0	37932.0	8400.0	0.0	14041.0	4.0	6510.0	38.0	140.0	17.0	0.0	0.0	0.0	18.0	186.0	0.0	0.0	0.0	0.0	0.0	0.0	0.0	0.0	0.0
341885	0.0	0.0	0.0	0.0	0.0	0.0	24.0	0.0	0.0	0.0	0.0	0.0	0.0	0.0	0.0	0.0	0.0	0.0	0.0	0.0	0.0	0.0	0.0	0.0	0.0	0.0	0.0	39.0	0.0	0.0	0.0	0.0	0.0	0.0	0.0	0.0	0.0	0.0	0.0	776783.0	0.0	0.0	0.0	0.0	0.0	0.0	0.0	0.0	0.0	0.0	0.0	0.0	0.0	0.0	0.0	0.0	0.0	0.0	0.0	0.0	0.0	0.0	0.0	0.0	0.0	0.0	0.0	0.0	0.0	0.0
355750	0.0	0.0	0.0	0.0	0.0	0.0	0.0	0.0	0.0	0.0	307.0	31.0	238.2	705.6	3877.6	175.8	105.8	0.0	0.0	0.0	0.0	351.8	209.0	10.0	0.0	0.0	0.0	62.6	614.0	152.4	0.0	0.0	0.0	0.0	29.0	6.0	0.0	0.0	0.0	0.0	7.6	126.0	0.0	0.0	277.6	0.0	55.6	0.0	0.0	0.0	105.4	0.0	0.0	0.0	0.0	1.6	30.8	0.0	0.0	288.2	0.0	0.0	0.0	0.0	0.0	0.0	0.0	0.0	0.0	0.0
370584	1508.0	7020.0	2210.0	7096.0	1822.0	0.0	994.0	0.0	1935.0	0.0	767.0	336.0	0.0	12431.0	12749.0	1686.0	1059.0	881.0	0.0	0.0	0.0	867.0	3961.0	0.0	546.0	13.0	5435.0	665.0	192.0	224.0	0.0	395.0	271.0	31000.0	3763.0	90.0	33.0	857.0	206.0	18556.0	450.0	210.0	99.0	0.0	27.0	0.0	139.0	0.0	16600.0	0.0	0.0	4.0	0.0	0.0	0.0	3405.0	3855.0	1345.0	7568.0	125.0	558.0	523.0	231.0	0.0	0.0	0.0	0.0	0.0	0.0	0.0
38267	16588.0	21628.0	8102.0	15360.0	8375.0	9800.0	30508.0	0.0	10837.0	0.0	0.0	26.0	0.0	0.0	0.0	0.0	0.0	16610.0	0.0	0.0	47.0	0.0	0.0	298.0	3076.0	0.0	0.0	2191.0	0.0	0.0	0.0	1877.0	9480.0	12300.0	0.0	4151.0	8921.0	107.0	182.0	406.0	263.0	0.0	985.0	3200.0	0.0	431.0	0.0	281.0	0.0	0.0	109.0	0.0	0.0	26374.0	4972.0	1471.0	0.0	1921.0	1717.0	0.0	1488.0	9507.0	6935.0	22000.0	0.0	26300.0	1515.0	0.0	0.0	0.0
3918	0.0	0.0	0.0	0.0	0.0	0.0	0.0	0.0	0.0	0.0	109235.0	84826.5	17665.5	4955.5	5965.5	4116.5	19057.5	0.0	0.0	0.0	0.0	3594.5	7339.0	0.0	0.0	0.0	0.0	0.0	5085.5	32794.0	0.0	0.0	0.0	0.0	0.0	0.0	0.0	10.5	0.0	0.0	0.0	4515.0	0.0	0.0	0.0	0.0	6205.0	0.0	0.0	0.0	0.0	0.0	0.0	0.0	0.0	0.0	26985.5	0.0	0.0	4377.5	0.0	0.0	0.0	0.0	5443.5	0.0	0.0	0.0	0.0	0.0
4010666	0.0	0.0	0.0	0.0	0.0	0.0	0.0	0.0	0.0	0.0	14070.0	258.0	251687.0	5711.0	10728.0	120902.0	8470.0	0.0	0.0	0.0	0.0	16290.0	8894.0	50.0	0.0	0.0	0.0	0.0	0.0	314.0	0.0	99.0	0.0	0.0	0.0	120.0	49.0	0.0	0.0	0.0	0.0	630.0	0.0	0.0	0.0	0.0	119.0	0.0	0.0	0.0	0.0	0.0	0.0	0.0	0.0	0.0	2467.0	0.0	0.0	89.0	0.0	0.0	0.0	0.0	0.0	0.0	0.0	0.0	0.0	0.0
4303453	0.0	190.0	123.0	154.0	331.0	0.0	437.0	0.0	417.0	6200.0	0.0	0.0	0.0	0.0	0.0	0.0	0.0	2013.0	0.0	144.0	0.0	0.0	0.0	0.0	57.0	0.0	0.0	39.0	0.0	0.0	0.0	0.0	0.0	0.0	0.0	60.0	49.0	0.0	0.0	0.0	0.0	0.0	0.0	0.0	0.0	0.0	0.0	0.0	0.0	0.0	0.0	0.0	0.0	0.0	0.0	34.0	0.0	0.0	70.0	0.0	558.0	44.0	0.0	0.0	0.0	0.0	0.0	159.0	0.0	0.0
4303815	215.0	0.0	123.0	44.0	147.0	253300.0	49.0	69400.0	1042.0	0.0	0.0	26.0	1588.0	0.0	48.0	122.0	0.0	126.0	0.0	0.0	0.0	102.0	73.0	50.0	575.0	0.0	0.0	704.0	0.0	0.0	0.0	3260.0	5688.0	0.0	0.0	5053.0	3718.0	0.0	0.0	0.0	0.0	0.0	0.0	0.0	0.0	0.0	40.0	0.0	0.0	0.0	0.0	4.0	0.0	0.0	0.0	25.0	308.0	768.0	1191.0	0.0	558.0	785.0	925.0	0.0	0.0	0.0	49.0	0.0	28200.0	0.0
4308446	87462.0	4933.0	7488.0	16660.0	7602.0	19400.0	6815.0	122700.0	12237.0	28100.0	21489.0	13400.0	2779.0	504.0	1155.0	928.0	1588.0	3398.0	0.0	0.0	799.0	663.0	4593.0	13955.0	30790.0	0.0	0.0	33337.0	2879.0	23222.0	0.0	1087.0	2979.0	0.0	145.0	7158.0	8106.0	127136.0	3921.0	0.0	0.0	52709.0	2759.0	0.0	0.0	26773.0	3262.0	3512.0	0.0	0.0	91.0	0.0	0.0	0.0	0.0	7054.0	6631.0	38232.0	42462.0	3096.0	22499.0	297340.0	257744.0	0.0	62602.0	0.0	0.0	0.0	0.0	0.0
4312850	0.0	0.0	0.0	0.0	0.0	0.0	0.0	0.0	0.0	0.0	0.0	0.0	0.0	0.0	0.0	0.0	0.0	0.0	0.0	0.0	0.0	0.0	0.0	0.0	0.0	0.0	0.0	0.0	0.0	0.0	0.0	0.0	0.0	0.0	136406.5	0.0	0.0	0.0	0.0	0.0	0.0	0.0	0.0	0.0	0.0	0.0	0.0	0.0	0.0	0.0	0.0	0.0	0.0	0.0	0.0	0.0	0.0	0.0	0.0	0.0	0.0	0.0	0.0	0.0	0.0	0.0	0.0	0.0	0.0	0.0
4320905	0.0	0.0	0.0	0.0	0.0	0.0	0.0	0.0	0.0	0.0	0.0	0.0	397.0	2016.0	96.0	195.0	0.0	0.0	0.0	0.0	0.0	76.0	170.0	0.0	0.0	0.0	0.0	0.0	0.0	0.0	0.0	0.0	0.0	0.0	0.0	0.0	0.0	0.0	0.0	0.0	0.0	0.0	0.0	0.0	0.0	0.0	0.0	0.0	0.0	0.0	0.0	0.0	0.0	0.0	0.0	0.0	0.0	0.0	0.0	0.0	0.0	0.0	0.0	0.0	0.0	0.0	0.0	0.0	0.0	0.0
4326986	0.0	0.0	0.0	0.0	0.0	0.0	0.0	0.0	0.0	0.0	9465.0	109083.0	18063.0	2016.0	1203.0	1563.0	1059.0	0.0	0.0	0.0	0.0	2371.0	1847.0	0.0	0.0	0.0	0.0	0.0	18998.0	12866.0	0.0	0.0	0.0	0.0	0.0	0.0	0.0	81002.0	1984.0	0.0	0.0	22890.0	1182.0	0.0	0.0	0.0	7498.0	1264.0	0.0	0.0	0.0	0.0	0.0	0.0	0.0	0.0	8790.0	0.0	0.0	9751.0	0.0	0.0	0.0	0.0	144801.0	0.0	0.0	0.0	0.0	0.0
4328978	2154.0	3035.0	3069.0	2292.0	3350.0	0.0	2013.0	0.0	4138.0	0.0	256.0	1962.0	1985.0	0.0	241.0	611.0	0.0	27054.0	0.0	0.0	0.0	612.0	3669.0	0.0	8826.0	3998.0	0.0	71605.0	1343.0	6276.0	0.0	494.0	6771.0	0.0	14328.0	8632.0	669.0	0.0	0.0	0.0	0.0	1680.0	0.0	0.0	13.0	0.0	477.0	0.0	0.0	0.0	0.0	12.0	0.0	0.0	0.0	1723.0	12645.0	13641.0	12613.0	587.0	3905.0	5277.0	6472.0	0.0	1089.0	0.0	0.0	0.0	51100.0	12500.0
4337055	0.0	0.0	0.0	0.0	0.0	25050.0	0.0	143650.0	0.0	0.0	0.0	0.0	0.0	0.0	0.0	0.0	0.0	0.0	0.0	0.0	0.0	0.0	0.0	0.0	0.0	0.0	0.0	0.0	0.0	0.0	0.0	0.0	0.0	0.0	0.0	15.0	0.0	0.0	0.0	0.0	0.0	0.0	0.0	0.0	0.0	0.0	0.0	0.0	0.0	0.0	0.0	0.0	0.0	0.0	0.0	0.0	0.0	0.0	0.0	0.0	0.0	0.0	0.0	0.0	0.0	0.0	0.0	0.0	8150.0	0.0
4345543	30590.0	30734.0	37073.0	26379.0	43015.0	73700.0	45689.0	0.0	53948.0	0.0	0.0	3769.0	0.0	0.0	0.0	0.0	0.0	357997.0	0.0	0.0	0.0	0.0	0.0	0.0	72418.0	0.0	0.0	5008.0	384.0	1569.0	0.0	0.0	0.0	0.0	0.0	0.0	33.0	0.0	0.0	0.0	0.0	840.0	0.0	0.0	0.0	517.0	855.0	0.0	0.0	0.0	0.0	8.0	0.0	0.0	0.0	0.0	7556.0	4803.0	6481.0	303.0	5392.0	4187.0	3930.0	0.0	1089.0	0.0	49.0	53.0	0.0	0.0
4345999	10556.0	2277.0	3069.0	2380.0	10436.0	0.0	5311.0	0.0	3037.0	0.0	0.0	0.0	0.0	0.0	0.0	0.0	0.0	11577.0	0.0	0.0	60083.0	0.0	0.0	216180.0	1955.0	13.0	0.0	509.0	0.0	0.0	0.0	296.0	813.0	0.0	0.0	571.0	2136.0	0.0	0.0	0.0	0.0	0.0	0.0	0.0	0.0	474.0	0.0	0.0	0.0	0.0	2292.0	12.0	0.0	0.0	17.0	6314.0	0.0	1345.0	1682.0	0.0	0.0	9333.0	5086.0	129200.0	0.0	495800.0	0.0	0.0	10900.0	45300.0
4354822	215.0	0.0	368.0	44.0	74.0	0.0	24.0	0.0	863.0	0.0	0.0	129.0	0.0	0.0	0.0	0.0	0.0	0.0	0.0	8235.0	0.0	0.0	49.0	0.0	2214.0	0.0	16.0	1369.0	384.0	359.0	0.0	0.0	0.0	0.0	289.0	0.0	0.0	2185.0	678.0	0.0	119218.0	3780.0	0.0	132200.0	13.0	182798.0	259.0	281.0	15400.0	0.0	1892.0	0.0	1324.0	19.0	17.0	933.0	617.0	1537.0	3293.0	338.0	930.0	18927.0	10633.0	0.0	1089.0	0.0	0.0	0.0	0.0	0.0
4362609	0.0	0.0	0.0	0.0	0.0	0.0	0.0	0.0	0.0	0.0	0.0	0.0	0.0	0.0	0.0	0.0	0.0	0.0	0.0	221179.0	0.0	0.0	0.0	0.0	0.0	0.0	16.0	0.0	0.0	0.0	0.0	0.0	0.0	0.0	72.0	0.0	0.0	0.0	0.0	0.0	900.0	0.0	0.0	0.0	13.0	7890.0	0.0	0.0	0.0	0.0	564.0	0.0	0.0	38.0	0.0	0.0	0.0	0.0	0.0	0.0	0.0	0.0	0.0	0.0	0.0	0.0	0.0	0.0	0.0	0.0
4366937	4308.0	190.0	246.0	176.0	221.0	0.0	364.0	0.0	834.0	0.0	0.0	17169.0	0.0	0.0	0.0	0.0	0.0	378.0	0.0	0.0	4532.0	0.0	0.0	55572.0	1179.0	396.0	0.0	235.0	4798.0	3542.0	0.0	1482.0	3792.0	0.0	0.0	2135.0	22767.0	49454.0	5131.0	35.0	0.0	10500.0	2365.0	0.0	0.0	43.0	1631.0	4496.0	24100.0	0.0	0.0	0.0	0.0	0.0	0.0	19630.0	2467.0	961.0	420.0	1441.0	0.0	6803.0	5317.0	4000.0	10343.0	109000.0	0.0	0.0	0.0	0.0
4378477	119.67	147.56	150.0	1476.56	184.11	0.0	129.33	0.0	221.67	0.0	0.0	0.0	0.0	0.0	0.0	0.0	0.0	111.89	0.0	0.0	0.0	0.0	0.0	0.0	22.33	0.0	0.0	47.78	0.0	0.0	0.0	0.0	30.11	0.0	0.0	33.44	19.89	0.0	0.0	0.0	0.0	0.0	0.0	0.0	0.0	0.0	0.0	0.0	0.0	0.0	0.0	61.89	0.0	0.0	0.0	0.0	0.0	42.67	38.89	0.0	0.0	4.89	0.0	0.0	0.0	0.0	5.44	5.89	0.0	0.0
4379512	0.0	0.0	0.0	0.0	74.0	0.0	146.0	156200.0	1786.0	4100.0	0.0	0.0	0.0	0.0	0.0	0.0	0.0	0.0	0.0	0.0	0.0	0.0	0.0	0.0	0.0	0.0	0.0	0.0	0.0	0.0	0.0	0.0	0.0	7300.0	0.0	30.0	0.0	0.0	0.0	0.0	0.0	0.0	0.0	0.0	0.0	0.0	0.0	0.0	0.0	0.0	0.0	0.0	0.0	0.0	0.0	0.0	0.0	0.0	0.0	0.0	0.0	44.0	0.0	0.0	0.0	0.0	0.0	0.0	0.0	0.0
4405849	107.5	0.0	0.0	11.0	18.5	0.0	73.0	0.0	0.0	0.0	0.0	0.0	0.0	0.0	0.0	0.0	0.0	63.0	0.0	0.0	0.0	0.0	0.0	49.5	359.5	0.0	0.0	8686.5	0.0	0.0	0.0	0.0	0.0	0.0	0.0	150.5	8.0	0.0	0.0	0.0	0.0	0.0	0.0	0.0	0.0	0.0	0.0	0.0	0.0	0.0	0.0	0.0	0.0	0.0	0.0	0.0	0.0	192.0	543.0	0.0	0.0	240.0	115.5	0.0	0.0	0.0	0.0	0.0	0.0	11500.0
4422405	6247.0	54449.0	9821.0	14567.0	21793.0	0.0	5772.0	0.0	5984.0	0.0	256.0	52.0	397.0	3528.0	241.0	244.0	0.0	5537.0	0.0	0.0	0.0	153.0	97.0	50.0	201.0	0.0	0.0	430.0	384.0	179.0	0.0	62031.0	21398.0	0.0	217.0	12151.0	8758.0	171.0	0.0	0.0	113.0	210.0	0.0	0.0	2655.0	129.0	239.0	0.0	0.0	151.0	13277.0	0.0	6951.0	38.0	52.0	521.0	2467.0	768.0	981.0	569.0	372.0	174.0	462.0	0.0	544.0	0.0	0.0	0.0	0.0	0.0
4424709	0.0	0.0	0.0	0.0	4.5	0.0	6.0	0.0	7.5	0.0	3389.5	9662.5	2977.25	47707.0	9597.75	9796.25	5558.5	125.75	0.0	0.0	91.0	2893.5	3724.0	5189.75	115.0	3.25	0.0	78.25	10170.75	18986.0	0.0	49.5	67.75	0.0	0.0	0.0	150.75	10.75	0.0	7124.0	0.0	22784.5	0.0	0.0	0.0	0.0	5717.75	0.0	0.0	0.0	0.0	2.0	0.0	0.0	0.0	2.0	8211.25	48.0	96.25	169797.0	46.5	2376.75	2022.75	600.0	14425.75	0.0	0.0	0.0	0.0	0.0
4439125	0.0	0.0	0.0	22.0	0.0	0.0	49.0	0.0	0.0	0.0	0.0	22049.0	0.0	0.0	0.0	49.0	0.0	0.0	0.0	0.0	0.0	0.0	0.0	0.0	0.0	0.0	0.0	0.0	398388.0	32682.0	0.0	0.0	0.0	0.0	0.0	0.0	0.0	0.0	0.0	0.0	0.0	41159.0	0.0	0.0	0.0	0.0	19947.0	0.0	0.0	0.0	0.0	0.0	0.0	0.0	0.0	0.0	16345.0	0.0	0.0	29183.0	0.0	0.0	0.0	0.0	31573.0	0.0	0.0	0.0	0.0	0.0
4449524	0.0	0.0	0.0	0.0	0.0	0.0	0.0	0.0	0.0	0.0	1535.0	310.0	595.0	25365.0	1155.0	1319.0	0.0	0.0	0.0	0.0	0.0	892.0	1312.0	50.0	0.0	0.0	0.0	0.0	4606.0	493.0	0.0	0.0	0.0	0.0	0.0	0.0	0.0	3470.0	1561.0	0.0	0.0	420.0	1380.0	0.0	0.0	0.0	80.0	2810.0	0.0	0.0	0.0	0.0	0.0	0.0	0.0	1160.0	0.0	0.0	0.0	196.0	0.0	0.0	0.0	0.0	0.0	0.0	0.0	0.0	0.0	0.0
4450598	1034.0	455.4	3928.4	634.6	725.2	2760.0	1062.2	0.0	875.4	0.0	3479.2	2019.0	2659.8	2083.0	36736.2	2516.2	44468.0	3145.8	0.0	0.0	604.4	3094.8	67595.0	26112.4	48372.8	5.2	0.0	7426.6	3607.8	1954.6	0.0	2390.4	8125.6	0.0	0.0	4006.2	29506.2	822.4	138.0	0.0	0.0	3066.0	39.4	0.0	0.0	0.0	2136.0	56.2	0.0	0.0	0.0	0.0	0.0	0.0	0.0	1126.6	1017.8	6993.2	7532.4	2370.2	3570.2	16336.6	30836.8	0.0	10778.4	0.0	0.0	0.0	0.0	3100.0
4463039	0.0	0.0	0.0	0.0	0.0	0.0	0.0	0.0	0.0	0.0	1535.0	207219.0	3374.0	1344.0	1058.0	1270.0	529.0	0.0	0.0	0.0	0.0	1683.0	57811.0	0.0	0.0	0.0	0.0	0.0	4989.0	22595.0	0.0	0.0	0.0	0.0	0.0	0.0	0.0	0.0	12.0	0.0	0.0	9660.0	0.0	0.0	0.0	0.0	5330.0	0.0	0.0	0.0	0.0	0.0	0.0	0.0	0.0	0.0	6476.0	0.0	0.0	6335.0	0.0	0.0	0.0	0.0	7621.0	0.0	0.0	0.0	0.0	0.0
519902	0.0	0.0	0.0	0.0	0.0	0.0	0.0	0.0	0.0	0.0	0.0	129.0	198.5	2603.5	288.5	330.0	0.0	0.0	0.0	0.0	0.0	165.5	328.0	25.0	0.0	0.0	0.0	0.0	1343.5	45.0	0.0	0.0	0.0	0.0	0.0	0.0	0.0	0.0	0.0	0.0	0.0	0.0	0.0	0.0	0.0	0.0	59.5	0.0	0.0	0.0	18.0	0.0	0.0	0.0	0.0	0.0	77.0	0.0	0.0	26.5	0.0	0.0	0.0	0.0	272.0	0.0	0.0	106.0	0.0	0.0
523025	172.4	227.6	343.8	207.2	169.4	0.0	82.4	0.0	89.4	0.0	2967.6	1451.0	1786.4	32891.0	2713.4	1768.8	17787.2	125.8	0.0	0.0	1.6	1932.4	15644.8	625.8	17.2	0.0	175.2	15.6	3300.8	1524.2	0.0	987.8	216.6	0.0	57.8	204.6	192.4	132.8	186.4	3.6	15.0	11381.8	98.6	0.0	1875.8	103.4	9761.0	84.2	0.0	0.0	443.8	0.0	2228.8	3.8	3.4	0.0	956.0	38.4	105.2	1861.2	37.2	8.8	0.0	0.0	1959.8	0.0	0.0	0.0	0.0	0.0
529182	0.0	0.0	0.0	22.0	18.0	0.0	24.0	0.0	0.0	0.0	0.0	336.0	0.0	0.0	0.0	0.0	0.0	126.0	0.0	0.0	111244.0	0.0	0.0	6804.0	115.0	92.0	0.0	0.0	0.0	45.0	0.0	0.0	0.0	0.0	0.0	0.0	0.0	0.0	0.0	0.0	38.0	0.0	0.0	0.0	27.0	75189.0	119.0	0.0	261700.0	0.0	0.0	36.0	0.0	0.0	0.0	0.0	617.0	192.0	70.0	160.0	186.0	262.0	231.0	487600.0	0.0	0.0	0.0	0.0	0.0	0.0
530377	0.0	0.0	0.0	22.0	55.0	0.0	73.0	0.0	89.0	0.0	1279.0	2169.0	397.0	168.0	866.0	1075.0	0.0	378.0	0.0	0.0	16.0	1555.0	5784.0	0.0	9573.0	182616.0	0.0	40459.0	192.0	538.0	0.0	9384.0	119989.0	7100.0	724.0	16963.0	10601.0	0.0	12.0	0.0	0.0	840.0	0.0	0.0	0.0	0.0	259.0	281.0	0.0	0.0	0.0	12.0	0.0	0.0	0.0	9021.0	617.0	13641.0	15310.0	125.0	68799.0	10728.0	11327.0	0.0	1089.0	0.0	635.0	53.0	14100.0	0.0
543824	0.0	0.0	0.0	0.0	0.0	0.0	0.0	0.0	7.5	0.0	64.0	6.5	99.25	756.0	48.0	12.25	264.75	0.0	0.0	0.0	0.0	51.0	309.75	0.0	0.0	0.0	0.0	9.75	0.0	0.0	0.0	0.0	0.0	0.0	0.0	0.0	0.0	0.0	0.0	0.0	0.0	52.5	0.0	0.0	0.0	0.0	5.0	0.0	0.0	0.0	0.0	0.0	0.0	0.0	0.0	0.0	0.0	0.0	0.0	4.5	0.0	11.0	0.0	0.0	0.0	0.0	0.0	0.0	0.0	0.0
546567	0.0	0.0	123.0	0.0	0.0	0.0	0.0	0.0	0.0	0.0	1535.0	26.0	198.0	0.0	0.0	147.0	0.0	0.0	0.0	0.0	0.0	102.0	122.0	0.0	11385.0	0.0	0.0	14751.0	0.0	0.0	0.0	0.0	0.0	0.0	0.0	0.0	0.0	0.0	0.0	0.0	0.0	0.0	0.0	0.0	0.0	0.0	40.0	0.0	0.0	0.0	0.0	0.0	0.0	0.0	0.0	0.0	154.0	89337.0	105735.0	0.0	7810.0	16267.0	13638.0	0.0	544.0	0.0	0.0	0.0	0.0	0.0
556957	0.0	0.0	0.0	0.0	0.0	0.0	0.0	0.0	0.0	0.0	0.0	0.0	0.0	0.0	0.0	0.0	0.0	0.0	0.0	0.0	0.0	0.0	0.0	0.0	0.0	0.0	0.0	0.0	0.0	0.0	0.0	0.0	0.0	0.0	0.0	0.0	0.0	0.0	0.0	0.0	0.0	0.0	0.0	0.0	0.0	0.0	0.0	0.0	0.0	0.0	0.0	0.0	0.0	0.0	0.0	412.0	0.0	0.0	0.0	0.0	0.0	0.0	0.0	0.0	0.0	0.0	0.0	0.0	0.0	0.0
562023	0.0	0.0	0.0	0.0	0.0	0.0	0.0	0.0	0.0	0.0	127.83	198.0	99.17	84.0	3937.0	142.5	353.0	0.0	0.33	0.0	0.0	221.0	89.17	0.0	0.0	0.0	0.0	0.0	3038.5	269.0	0.0	0.0	0.0	0.0	0.0	0.0	0.0	96.33	121.0	0.0	0.0	350.0	0.0	0.0	0.0	0.0	928.17	0.0	0.0	0.0	0.0	0.0	0.0	0.0	0.0	0.0	205.67	0.0	0.0	163.17	0.0	0.0	0.0	0.0	272.17	0.0	0.0	0.0	0.0	0.0
581747	0.0	0.0	0.0	0.0	0.0	0.0	0.0	58950.0	0.0	247650.0	0.0	0.0	0.0	0.0	0.0	0.0	0.0	0.0	0.0	0.0	0.0	0.0	0.0	0.0	0.0	6.5	0.0	0.0	0.0	0.0	0.0	0.0	0.0	0.0	0.0	0.0	0.0	0.0	0.0	0.0	0.0	0.0	0.0	0.0	0.0	0.0	0.0	0.0	0.0	0.0	0.0	0.0	0.0	0.0	0.0	0.0	0.0	0.0	0.0	0.0	0.0	0.0	0.0	0.0	0.0	0.0	0.0	0.0	0.0	0.0
586332	0.0	0.0	0.0	0.0	0.0	0.0	0.0	0.0	0.0	0.0	0.0	155.0	1389.0	0.0	48.0	73.0	0.0	0.0	0.0	0.0	0.0	102.0	24.0	0.0	0.0	0.0	0.0	0.0	0.0	45.0	0.0	0.0	0.0	0.0	0.0	0.0	0.0	0.0	0.0	0.0	0.0	210.0	0.0	0.0	0.0	0.0	20.0	0.0	0.0	0.0	0.0	0.0	0.0	0.0	0.0	0.0	0.0	0.0	0.0	125.0	0.0	0.0	0.0	0.0	3811.0	0.0	0.0	0.0	0.0	0.0
605399	646.0	190.0	368.0	220.0	497.0	0.0	340.0	0.0	1489.0	0.0	0.0	0.0	0.0	0.0	0.0	0.0	0.0	1510.0	0.0	0.0	150.0	0.0	0.0	248.0	21130.0	1742.0	0.0	51023.0	0.0	0.0	0.0	12051.0	24919.0	0.0	1375.0	21625.0	76880.0	0.0	0.0	0.0	150.0	0.0	0.0	0.0	0.0	0.0	0.0	0.0	0.0	0.0	0.0	16.0	0.0	0.0	0.0	446.0	0.0	32277.0	31286.0	0.0	18408.0	163541.0	123209.0	0.0	0.0	2800.0	16514.0	53.0	0.0	0.0
638460	0.0	0.0	0.0	0.0	0.0	0.0	0.0	15000.0	30.0	0.0	0.0	336.0	0.0	0.0	0.0	0.0	0.0	0.0	0.0	0.0	8.0	0.0	0.0	50.0	0.0	26.0	0.0	39.0	0.0	583.0	0.0	0.0	542.0	0.0	0.0	331.0	114.0	0.0	0.0	0.0	0.0	0.0	0.0	0.0	0.0	0.0	20.0	0.0	0.0	0.0	0.0	20.0	0.0	0.0	0.0	0.0	154.0	0.0	35.0	18.0	0.0	131.0	231.0	0.0	0.0	0.0	0.0	0.0	0.0	0.0
652276	47824.0	213053.0	196293.0	249686.0	199798.0	0.0	49279.0	0.0	54424.0	0.0	206447.0	7668.0	27789.0	261717.0	329020.0	23990.0	49762.0	41651.0	34.0	0.0	0.0	27303.0	124371.0	2235.0	1639.0	0.0	14229.0	7160.0	54884.0	9504.0	0.0	90182.0	47671.0	24900.0	6006.0	16692.0	11677.0	9167.0	9317.0	3319.0	413.0	32969.0	3055.0	0.0	36600.0	1983.0	68474.0	983.0	51200.0	173.0	788367.0	0.0	0.0	802.0	1099.0	66079.0	5243.0	5187.0	11386.0	19467.0	2045.0	1526.0	2774.0	69900.0	15242.0	0.0	1075.0	53.0	0.0	0.0
676387	24774.0	18972.0	25043.0	16682.0	29045.0	0.0	22384.0	12800.0	308920.0	117300.0	0.0	0.0	0.0	0.0	0.0	0.0	0.0	18498.0	0.0	0.0	0.0	0.0	0.0	0.0	201.0	0.0	32.0	235.0	0.0	0.0	0.0	99.0	0.0	0.0	126565.0	90.0	16.0	0.0	0.0	0.0	0.0	0.0	0.0	0.0	0.0	0.0	0.0	0.0	0.0	0.0	0.0	0.0	0.0	0.0	0.0	0.0	0.0	192.0	175.0	0.0	186.0	2224.0	231.0	0.0	0.0	0.0	0.0	0.0	15400.0	0.0
690515	269280.0	18592.0	30935.0	25740.0	27094.0	0.0	21462.0	5400.0	39032.0	0.0	1023.0	32454.0	5161.0	1008.0	722.0	9943.0	3176.0	22524.0	0.0	322595.0	364445.0	1173.0	899.0	10379.0	51978.0	488.0	49.0	4852.0	20342.0	43934.0	0.0	99.0	271.0	0.0	724.0	1353.0	310.0	70465.0	495952.0	0.0	473872.0	76858.0	29957.0	603000.0	148.0	5734.0	215485.0	29222.0	47400.0	0.0	236.0	40.0	0.0	23206.0	82225.0	125593.0	64302.0	6532.0	5921.0	15623.0	3533.0	5713.0	6241.0	2600.0	45182.0	4000.0	49.0	0.0	14700.0	17200.0
713656	34468.0	59951.0	24306.0	21112.0	33131.0	134900.0	473966.0	0.0	45105.0	0.0	0.0	0.0	0.0	0.0	0.0	0.0	0.0	22776.0	0.0	0.0	206.0	0.0	0.0	0.0	5635.0	112177.0	0.0	2113.0	0.0	0.0	0.0	32892.0	208559.0	0.0	2677.0	67401.0	408197.0	0.0	0.0	0.0	0.0	0.0	0.0	0.0	0.0	0.0	0.0	0.0	0.0	0.0	0.0	8.0	0.0	0.0	0.0	3556.0	0.0	961.0	385.0	0.0	1673.0	959.0	1387.0	0.0	0.0	0.0	0.0	0.0	0.0	0.0
716727	0.0	0.0	246.0	0.0	0.0	0.0	24.0	0.0	208.0	0.0	512.0	181.0	198.0	0.0	3127.0	220.0	0.0	126.0	2.0	0.0	0.0	102.0	24.0	0.0	0.0	0.0	51058.0	0.0	192.0	134.0	0.0	0.0	0.0	0.0	7454.0	0.0	0.0	0.0	36.0	55067.0	338.0	210.0	99.0	0.0	468662.0	172.0	796.0	0.0	0.0	0.0	0.0	0.0	0.0	0.0	0.0	220584.0	0.0	0.0	0.0	36.0	0.0	0.0	0.0	0.0	0.0	0.0	9429.0	288890.0	0.0	0.0
722895	5386.0	3984.0	61748.0	4408.0	6626.0	0.0	6233.0	0.0	8396.0	0.0	0.0	361.0	0.0	0.0	0.0	0.0	0.0	5914.0	7.0	0.0	63.0	0.0	24.0	50.0	17911.0	462.0	0.0	18195.0	960.0	762.0	0.0	296.0	813.0	0.0	36.0	361.0	261.0	0.0	0.0	0.0	525.0	210.0	0.0	0.0	0.0	1035.0	259.0	0.0	0.0	0.0	0.0	235025.0	0.0	0.0	105.0	1009.0	8481.0	24784.0	23719.0	356.0	179435.0	13301.0	18955.0	0.0	544.0	0.0	195.0	423.0	0.0	0.0
781203	0.0	0.0	0.0	0.0	37.0	0.0	0.0	11800.0	298.0	5400.0	107189.0	19880.0	238984.0	12935.0	20783.0	310891.0	20116.0	126.0	0.0	578.0	5062.0	29317.0	17278.0	353099.0	14087.0	3312.0	0.0	587.0	16312.0	31875.0	290.0	889.0	1354.0	18000.0	0.0	38407.0	1712.0	18505.0	4150.0	0.0	0.0	15330.0	1084.0	0.0	0.0	1423.0	7955.0	702.0	36700.0	0.0	2273.0	52.0	0.0	248.0	262.0	328.0	196762.0	768.0	526.0	6744.0	11528.0	1221.0	1618.0	0.0	13065.0	0.0	0.0	0.0	17500.0	0.0
823916	0.0	0.0	0.0	0.0	13.75	0.0	0.0	0.0	0.0	0.0	1151.25	142.0	0.0	0.0	577.25	140.5	0.0	0.0	128077.0	0.0	0.0	133.75	73.0	0.0	0.0	0.0	0.0	0.0	48.0	89.75	72.5	0.0	0.0	0.0	36.25	0.0	0.0	0.0	0.0	0.0	9.5	157.5	0.0	0.0	10.0	2317.25	1670.5	0.0	0.0	0.0	1268.5	0.0	1544.75	4.75	4.25	3911.25	115.75	0.0	0.0	169.0	0.0	0.0	0.0	0.0	0.0	0.0	0.0	0.0	0.0	1500.0
838066	0.0	0.0	0.0	44.0	74.0	0.0	0.0	7200.0	506.0	24800.0	2047.0	749.0	31560.0	1680.0	3127.0	34666.0	2647.0	0.0	0.0	0.0	103.0	4334.0	3597.0	0.0	259.0	0.0	0.0	352.0	2687.0	1704.0	0.0	395.0	271.0	0.0	0.0	511.0	277.0	129.0	1065.0	0.0	0.0	1680.0	99.0	0.0	0.0	0.0	975.0	140.0	0.0	0.0	0.0	0.0	0.0	0.0	0.0	0.0	3392.0	0.0	350.0	14342.0	5020.0	218.0	0.0	0.0	0.0	0.0	0.0	688.0	0.0	0.0
866365	431.0	0.0	737.0	154.0	239.0	0.0	170.0	0.0	1667.0	0.0	0.0	1213.0	0.0	0.0	0.0	24.0	0.0	1636.0	0.0	1445.0	79.0	51.0	0.0	0.0	10896.0	6202.0	0.0	13147.0	192.0	269.0	0.0	395.0	7313.0	0.0	0.0	812.0	424.0	0.0	0.0	0.0	488.0	210.0	0.0	0.0	0.0	43.0	80.0	0.0	57000.0	0.0	1273.0	40.0	0.0	389447.0	563261.0	1101.0	463.0	109510.0	71156.0	0.0	15991.0	15089.0	15488.0	0.0	1633.0	0.0	0.0	0.0	0.0	0.0
89388	862.0	759.0	2210.0	397.0	939.0	0.0	534.0	23100.0	2233.0	75800.0	8698.0	3098.0	27590.0	5543.0	13326.0	211560.0	8470.0	3649.0	0.0	172782.0	8068.0	14557.0	18250.0	1192.0	4456.0	9870.0	0.0	11934.0	3646.0	6366.0	0.0	13532.0	31419.0	573900.0	29525.0	47009.0	17320.0	236.0	992.0	0.0	6903.0	4620.0	0.0	3100.0	81.0	63634.0	1869.0	140.0	11000.0	518.0	109.0	100.0	0.0	859.0	33899.0	73419.0	14958.0	33622.0	22562.0	14698.0	7996.0	7283.0	9015.0	0.0	5444.0	0.0	13973.0	212.0	0.0	32000.0
928538	7324.0	27130.0	18291.0	82663.0	23541.0	0.0	7736.0	0.0	7711.0	0.0	256.0	52.0	397.0	1176.0	1588.0	342.0	5823.0	4782.0	29.0	867.0	0.0	586.0	11276.0	4867.0	1265.0	0.0	2758.0	1174.0	192.0	45.0	0.0	37436.0	14897.0	9000.0	2388.0	7158.0	6344.0	21.0	472.0	777.0	263.0	0.0	99.0	0.0	5242.0	776.0	80.0	0.0	0.0	324.0	41559.0	0.0	12799.0	38.0	87.0	6902.0	0.0	961.0	2277.0	0.0	186.0	44.0	462.0	0.0	0.0	0.0	0.0	0.0	0.0	0.0
