sequence	16S_rRNA_Count	metadata_NSTI
10413	1	0.012675
1042616	1	0.036452
104313	1	0.013655
1124194	2	0.129853
1125313	1	0.102403
1125570	1	0.002072
1134896	1	0.009861
120274	1	0.020425
141042	1	0.098531
145205	1	0.03252
147946	1	0.099058
156371	1	0.149663
162379	2	0.02178
1657324	4	0.05545
1688393	1	0.023838
1777569	1	0.079301
181537	1	0.283697
219549	1	0.103285
220314	3	0.07944
2251859	1	0.040724
236204	1	0.160836
239470	1	0.064981
258617	1	0.029064
259272	1	0.017655
2651333	1	0.003346
270098	1	0.010367
277409	5	0.118306
313427	1	0.174707
3275744	1	0.032316
3290764	1	0.139908
329940	1	0.067381
336037	1	0.216896
339616	1	0.006666
341885	1	0.410347
355750	5	0.009601
370584	1	0.015088
38267	1	0.019039
3918	2	0.300058
4010666	1	0.055592
4303453	1	0.049072
4303815	1	0.061403
4308446	1	0.023408
4312850	2	0.252713
4320905	1	0.010972
4326986	1	0.332875
4328978	1	0.056438
4337055	2	0.527775
4345543	1	0.018971
4345999	1	0.25707
4354822	1	0.077941
4362609	1	0.029127
4366937	1	0.150739
4378477	9	0.005883
4379512	1	0.180033
4405849	2	0.273739
4422405	1	0.026329
4424709	4	0.29437
4439125	1	0.021989
4449524	1	0.065578
4450598	5	0.463634
4463039	1	0.290197
519902	2	0.003588
523025	5	0.050759
529182	1	0.005165
530377	1	0.034991
543824	4	0.038885
546567	1	0.13435
556957	1	0.488395
562023	6	0.107508
581747	2	0.062474
586332	1	0.082372
605399	1	0.030228
638460	1	0.104943
652276	1	0.019472
676387	1	0.053328
690515	1	0.031788
713656	1	0.304976
716727	1	0.038892
722895	1	0.06452
781203	1	0.067162
823916	4	0.010695
838066	1	0.09903
866365	1	0.027677
89388	1	0.024239
928538	1	0.050496
